 20 -75
 23 -75
 26 -75
 29 -75
 32 -75
 35 -75
 38 -75
 41 -75
 44 -75
 47 -75
 50 -75
 53 -75
 56 -75
 59 -75
 62 -75
 65 -75
 68 -75
 71 -75
 74 -75
 77 -75
 80 -75
 83 -75
 86 -75
 89 -75
 92 -75
 95 -75
 98 -75
101 -75
104 -75
107 -75
110 -75
113 -75
116 -75
119 -75
122 -75
125 -75
128 -75
131 -75
134 -75
137 -75
140 -75
143 -75
146 -75
149 -75
152 -75
155 -75
158 -75
161 -75
164 -75
167 -75
170 -75
 20 -72
 23 -72
 26 -72
 29 -72
 32 -72
 35 -72
 38 -72
 41 -72
 44 -72
 47 -72
 50 -72
 53 -72
 56 -72
 59 -72
 62 -72
 65 -72
 68 -72
 71 -72
 74 -72
 77 -72
 80 -72
 83 -72
 86 -72
 89 -72
 92 -72
 95 -72
 98 -72
101 -72
104 -72
107 -72
110 -72
113 -72
116 -72
119 -72
122 -72
125 -72
128 -72
131 -72
134 -72
137 -72
140 -72
143 -72
146 -72
149 -72
152 -72
155 -72
158 -72
161 -72
164 -72
167 -72
170 -72
 20 -69
 23 -69
 26 -69
 29 -69
 32 -69
 35 -69
 38 -69
 41 -69
 44 -69
 47 -69
 50 -69
 53 -69
 56 -69
 59 -69
 62 -69
 65 -69
 68 -69
 71 -69
 74 -69
 77 -69
 80 -69
 83 -69
 86 -69
 89 -69
 92 -69
 95 -69
 98 -69
101 -69
104 -69
107 -69
110 -69
113 -69
116 -69
119 -69
122 -69
125 -69
128 -69
131 -69
134 -69
137 -69
140 -69
143 -69
146 -69
149 -69
152 -69
155 -69
158 -69
161 -69
164 -69
167 -69
170 -69
 20 -66
 23 -66
 26 -66
 29 -66
 32 -66
 35 -66
 38 -66
 41 -66
 44 -66
 47 -66
 50 -66
 53 -66
 56 -66
 59 -66
 62 -66
 65 -66
 68 -66
 71 -66
 74 -66
 77 -66
 80 -66
 83 -66
 86 -66
 89 -66
 92 -66
 95 -66
 98 -66
101 -66
104 -66
107 -66
110 -66
113 -66
116 -66
119 -66
122 -66
125 -66
128 -66
131 -66
134 -66
137 -66
140 -66
143 -66
146 -66
149 -66
152 -66
155 -66
158 -66
161 -66
164 -66
167 -66
170 -66
 20 -63
 23 -63
 26 -63
 29 -63
 32 -63
 35 -63
 38 -63
 41 -63
 44 -63
 47 -63
 50 -63
 53 -63
 56 -63
 59 -63
 62 -63
 65 -63
 68 -63
 71 -63
 74 -63
 77 -63
 80 -63
 83 -63
 86 -63
 89 -63
 92 -63
 95 -63
 98 -63
101 -63
104 -63
107 -63
110 -63
113 -63
116 -63
119 -63
122 -63
125 -63
128 -63
131 -63
134 -63
137 -63
140 -63
143 -63
146 -63
149 -63
152 -63
155 -63
158 -63
161 -63
164 -63
167 -63
170 -63
 20 -60
 23 -60
 26 -60
 29 -60
 32 -60
 35 -60
 38 -60
 41 -60
 44 -60
 47 -60
 50 -60
 53 -60
 56 -60
 59 -60
 62 -60
 65 -60
 68 -60
 71 -60
 74 -60
 77 -60
 80 -60
 83 -60
 86 -60
 89 -60
 92 -60
 95 -60
 98 -60
101 -60
104 -60
107 -60
110 -60
113 -60
116 -60
119 -60
122 -60
125 -60
128 -60
131 -60
134 -60
137 -60
140 -60
143 -60
146 -60
149 -60
152 -60
155 -60
158 -60
161 -60
164 -60
167 -60
170 -60
 20 -57
 23 -57
 26 -57
 29 -57
 32 -57
 35 -57
 38 -57
 41 -57
 44 -57
 47 -57
 50 -57
 53 -57
 56 -57
 59 -57
 62 -57
 65 -57
 68 -57
 71 -57
 74 -57
 77 -57
 80 -57
 83 -57
 86 -57
 89 -57
 92 -57
 95 -57
 98 -57
101 -57
104 -57
107 -57
110 -57
113 -57
116 -57
119 -57
122 -57
125 -57
128 -57
131 -57
134 -57
137 -57
140 -57
143 -57
146 -57
149 -57
152 -57
155 -57
158 -57
161 -57
164 -57
167 -57
170 -57
 20 -54
 23 -54
 26 -54
 29 -54
 32 -54
 35 -54
 38 -54
 41 -54
 44 -54
 47 -54
 50 -54
 53 -54
 56 -54
 59 -54
 62 -54
 65 -54
 68 -54
 71 -54
 74 -54
 77 -54
 80 -54
 83 -54
 86 -54
 89 -54
 92 -54
 95 -54
 98 -54
101 -54
104 -54
107 -54
110 -54
113 -54
116 -54
119 -54
122 -54
125 -54
128 -54
131 -54
134 -54
137 -54
140 -54
143 -54
146 -54
149 -54
152 -54
155 -54
158 -54
161 -54
164 -54
167 -54
170 -54
 20 -51
 23 -51
 26 -51
 29 -51
 32 -51
 35 -51
 38 -51
 41 -51
 44 -51
 47 -51
 50 -51
 53 -51
 56 -51
 59 -51
 62 -51
 65 -51
 68 -51
 71 -51
 74 -51
 77 -51
 80 -51
 83 -51
 86 -51
 89 -51
 92 -51
 95 -51
 98 -51
101 -51
104 -51
107 -51
110 -51
113 -51
116 -51
119 -51
122 -51
125 -51
128 -51
131 -51
134 -51
137 -51
140 -51
143 -51
146 -51
149 -51
152 -51
155 -51
158 -51
161 -51
164 -51
167 -51
170 -51
 20 -48
 23 -48
 26 -48
 29 -48
 32 -48
 35 -48
 38 -48
 41 -48
 44 -48
 47 -48
 50 -48
 53 -48
 56 -48
 59 -48
 62 -48
 65 -48
 68 -48
 71 -48
 74 -48
 77 -48
 80 -48
 83 -48
 86 -48
 89 -48
 92 -48
 95 -48
 98 -48
101 -48
104 -48
107 -48
110 -48
113 -48
116 -48
119 -48
122 -48
125 -48
128 -48
131 -48
134 -48
137 -48
140 -48
143 -48
146 -48
149 -48
152 -48
155 -48
158 -48
161 -48
164 -48
167 -48
170 -48
 20 -45
 23 -45
 26 -45
 29 -45
 32 -45
 35 -45
 38 -45
 41 -45
 44 -45
 47 -45
 50 -45
 53 -45
 56 -45
 59 -45
 62 -45
 65 -45
 68 -45
 71 -45
 74 -45
 77 -45
 80 -45
 83 -45
 86 -45
 89 -45
 92 -45
 95 -45
 98 -45
101 -45
104 -45
107 -45
110 -45
113 -45
116 -45
119 -45
122 -45
125 -45
128 -45
131 -45
134 -45
137 -45
140 -45
143 -45
146 -45
149 -45
152 -45
155 -45
158 -45
161 -45
164 -45
167 -45
170 -45
 20 -42
 23 -42
 26 -42
 29 -42
 32 -42
 35 -42
 38 -42
 41 -42
 44 -42
 47 -42
 50 -42
 53 -42
 56 -42
 59 -42
 62 -42
 65 -42
 68 -42
 71 -42
 74 -42
 77 -42
 80 -42
 83 -42
 86 -42
 89 -42
 92 -42
 95 -42
 98 -42
101 -42
104 -42
107 -42
110 -42
113 -42
116 -42
119 -42
122 -42
125 -42
128 -42
131 -42
134 -42
137 -42
140 -42
143 -42
146 -42
149 -42
152 -42
155 -42
158 -42
161 -42
164 -42
167 -42
170 -42
 20 -39
 23 -39
 26 -39
 29 -39
 32 -39
 35 -39
 38 -39
 41 -39
 44 -39
 47 -39
 50 -39
 53 -39
 56 -39
 59 -39
 62 -39
 65 -39
 68 -39
 71 -39
 74 -39
 77 -39
 80 -39
 83 -39
 86 -39
 89 -39
 92 -39
 95 -39
 98 -39
101 -39
104 -39
107 -39
110 -39
113 -39
116 -39
119 -39
122 -39
125 -39
128 -39
131 -39
134 -39
137 -39
140 -39
143 -39
146 -39
149 -39
152 -39
155 -39
158 -39
161 -39
164 -39
167 -39
170 -39
 20 -36
 23 -36
 26 -36
 29 -36
 32 -36
 35 -36
 38 -36
 41 -36
 44 -36
 47 -36
 50 -36
 53 -36
 56 -36
 59 -36
 62 -36
 65 -36
 68 -36
 71 -36
 74 -36
 77 -36
 80 -36
 83 -36
 86 -36
 89 -36
 92 -36
 95 -36
 98 -36
101 -36
104 -36
107 -36
110 -36
113 -36
116 -36
119 -36
122 -36
125 -36
128 -36
131 -36
134 -36
137 -36
140 -36
143 -36
146 -36
149 -36
152 -36
155 -36
158 -36
161 -36
164 -36
167 -36
170 -36
 20 -33
 23 -33
 26 -33
 29 -33
 32 -33
 35 -33
 38 -33
 41 -33
 44 -33
 47 -33
 50 -33
 53 -33
 56 -33
 59 -33
 62 -33
 65 -33
 68 -33
 71 -33
 74 -33
 77 -33
 80 -33
 83 -33
 86 -33
 89 -33
 92 -33
 95 -33
 98 -33
101 -33
104 -33
107 -33
110 -33
113 -33
116 -33
119 -33
122 -33
125 -33
128 -33
131 -33
134 -33
137 -33
140 -33
143 -33
146 -33
149 -33
152 -33
155 -33
158 -33
161 -33
164 -33
167 -33
170 -33
 20 -30
 23 -30
 26 -30
 29 -30
 32 -30
 35 -30
 38 -30
 41 -30
 44 -30
 47 -30
 50 -30
 53 -30
 56 -30
 59 -30
 62 -30
 65 -30
 68 -30
 71 -30
 74 -30
 77 -30
 80 -30
 83 -30
 86 -30
 89 -30
 92 -30
 95 -30
 98 -30
101 -30
104 -30
107 -30
110 -30
113 -30
116 -30
119 -30
122 -30
125 -30
128 -30
131 -30
134 -30
137 -30
140 -30
143 -30
146 -30
149 -30
152 -30
155 -30
158 -30
161 -30
164 -30
167 -30
170 -30
 20 -27
 23 -27
 26 -27
 29 -27
 32 -27
 35 -27
 38 -27
 41 -27
 44 -27
 47 -27
 50 -27
 53 -27
 56 -27
 59 -27
 62 -27
 65 -27
 68 -27
 71 -27
 74 -27
 77 -27
 80 -27
 83 -27
 86 -27
 89 -27
 92 -27
 95 -27
 98 -27
101 -27
104 -27
107 -27
110 -27
113 -27
116 -27
119 -27
122 -27
125 -27
128 -27
131 -27
134 -27
137 -27
140 -27
143 -27
146 -27
149 -27
152 -27
155 -27
158 -27
161 -27
164 -27
167 -27
170 -27
 20 -24
 23 -24
 26 -24
 29 -24
 32 -24
 35 -24
 38 -24
 41 -24
 44 -24
 47 -24
 50 -24
 53 -24
 56 -24
 59 -24
 62 -24
 65 -24
 68 -24
 71 -24
 74 -24
 77 -24
 80 -24
 83 -24
 86 -24
 89 -24
 92 -24
 95 -24
 98 -24
101 -24
104 -24
107 -24
110 -24
113 -24
116 -24
119 -24
122 -24
125 -24
128 -24
131 -24
134 -24
137 -24
140 -24
143 -24
146 -24
149 -24
152 -24
155 -24
158 -24
161 -24
164 -24
167 -24
170 -24
 20 -21
 23 -21
 26 -21
 29 -21
 32 -21
 35 -21
 38 -21
 41 -21
 44 -21
 47 -21
 50 -21
 53 -21
 56 -21
 59 -21
 62 -21
 65 -21
 68 -21
 71 -21
 74 -21
 77 -21
 80 -21
 83 -21
 86 -21
 89 -21
 92 -21
 95 -21
 98 -21
101 -21
104 -21
107 -21
110 -21
113 -21
116 -21
119 -21
122 -21
125 -21
128 -21
131 -21
134 -21
137 -21
140 -21
143 -21
146 -21
149 -21
152 -21
155 -21
158 -21
161 -21
164 -21
167 -21
170 -21
 20 -18
 23 -18
 26 -18
 29 -18
 32 -18
 35 -18
 38 -18
 41 -18
 44 -18
 47 -18
 50 -18
 53 -18
 56 -18
 59 -18
 62 -18
 65 -18
 68 -18
 71 -18
 74 -18
 77 -18
 80 -18
 83 -18
 86 -18
 89 -18
 92 -18
 95 -18
 98 -18
101 -18
104 -18
107 -18
110 -18
113 -18
116 -18
119 -18
122 -18
125 -18
128 -18
131 -18
134 -18
137 -18
140 -18
143 -18
146 -18
149 -18
152 -18
155 -18
158 -18
161 -18
164 -18
167 -18
170 -18
 20 -15
 23 -15
 26 -15
 29 -15
 32 -15
 35 -15
 38 -15
 41 -15
 44 -15
 47 -15
 50 -15
 53 -15
 56 -15
 59 -15
 62 -15
 65 -15
 68 -15
 71 -15
 74 -15
 77 -15
 80 -15
 83 -15
 86 -15
 89 -15
 92 -15
 95 -15
 98 -15
101 -15
104 -15
107 -15
110 -15
113 -15
116 -15
119 -15
122 -15
125 -15
128 -15
131 -15
134 -15
137 -15
140 -15
143 -15
146 -15
149 -15
152 -15
155 -15
158 -15
161 -15
164 -15
167 -15
170 -15
 20 -12
 23 -12
 26 -12
 29 -12
 32 -12
 35 -12
 38 -12
 41 -12
 44 -12
 47 -12
 50 -12
 53 -12
 56 -12
 59 -12
 62 -12
 65 -12
 68 -12
 71 -12
 74 -12
 77 -12
 80 -12
 83 -12
 86 -12
 89 -12
 92 -12
 95 -12
 98 -12
101 -12
104 -12
107 -12
110 -12
113 -12
116 -12
119 -12
122 -12
125 -12
128 -12
131 -12
134 -12
137 -12
140 -12
143 -12
146 -12
149 -12
152 -12
155 -12
158 -12
161 -12
164 -12
167 -12
170 -12
 20  -9
 23  -9
 26  -9
 29  -9
 32  -9
 35  -9
 38  -9
 41  -9
 44  -9
 47  -9
 50  -9
 53  -9
 56  -9
 59  -9
 62  -9
 65  -9
 68  -9
 71  -9
 74  -9
 77  -9
 80  -9
 83  -9
 86  -9
 89  -9
 92  -9
 95  -9
 98  -9
101  -9
104  -9
107  -9
110  -9
113  -9
116  -9
119  -9
122  -9
125  -9
128  -9
131  -9
134  -9
137  -9
140  -9
143  -9
146  -9
149  -9
152  -9
155  -9
158  -9
161  -9
164  -9
167  -9
170  -9
 20  -6
 23  -6
 26  -6
 29  -6
 32  -6
 35  -6
 38  -6
 41  -6
 44  -6
 47  -6
 50  -6
 53  -6
 56  -6
 59  -6
 62  -6
 65  -6
 68  -6
 71  -6
 74  -6
 77  -6
 80  -6
 83  -6
 86  -6
 89  -6
 92  -6
 95  -6
 98  -6
101  -6
104  -6
107  -6
110  -6
113  -6
116  -6
119  -6
122  -6
125  -6
128  -6
131  -6
134  -6
137  -6
140  -6
143  -6
146  -6
149  -6
152  -6
155  -6
158  -6
161  -6
164  -6
167  -6
170  -6
 20  -3
 23  -3
 26  -3
 29  -3
 32  -3
 35  -3
 38  -3
 41  -3
 44  -3
 47  -3
 50  -3
 53  -3
 56  -3
 59  -3
 62  -3
 65  -3
 68  -3
 71  -3
 74  -3
 77  -3
 80  -3
 83  -3
 86  -3
 89  -3
 92  -3
 95  -3
 98  -3
101  -3
104  -3
107  -3
110  -3
113  -3
116  -3
119  -3
122  -3
125  -3
128  -3
131  -3
134  -3
137  -3
140  -3
143  -3
146  -3
149  -3
152  -3
155  -3
158  -3
161  -3
164  -3
167  -3
170  -3
 20   0
 23   0
 26   0
 29   0
 32   0
 35   0
 38   0
 41   0
 44   0
 47   0
 50   0
 53   0
 56   0
 59   0
 62   0
 65   0
 68   0
 71   0
 74   0
 77   0
 80   0
 83   0
 86   0
 89   0
 92   0
 95   0
 98   0
101   0
104   0
107   0
110   0
113   0
116   0
119   0
122   0
125   0
128   0
131   0
134   0
137   0
140   0
143   0
146   0
149   0
152   0
155   0
158   0
161   0
164   0
167   0
170   0
 20   3
 23   3
 26   3
 29   3
 32   3
 35   3
 38   3
 41   3
 44   3
 47   3
 50   3
 53   3
 56   3
 59   3
 62   3
 65   3
 68   3
 71   3
 74   3
 77   3
 80   3
 83   3
 86   3
 89   3
 92   3
 95   3
 98   3
101   3
104   3
107   3
110   3
113   3
116   3
119   3
122   3
125   3
128   3
131   3
134   3
137   3
140   3
143   3
146   3
149   3
152   3
155   3
158   3
161   3
164   3
167   3
170   3
 20   6
 23   6
 26   6
 29   6
 32   6
 35   6
 38   6
 41   6
 44   6
 47   6
 50   6
 53   6
 56   6
 59   6
 62   6
 65   6
 68   6
 71   6
 74   6
 77   6
 80   6
 83   6
 86   6
 89   6
 92   6
 95   6
 98   6
101   6
104   6
107   6
110   6
113   6
116   6
119   6
122   6
125   6
128   6
131   6
134   6
137   6
140   6
143   6
146   6
149   6
152   6
155   6
158   6
161   6
164   6
167   6
170   6
 20   9
 23   9
 26   9
 29   9
 32   9
 35   9
 38   9
 41   9
 44   9
 47   9
 50   9
 53   9
 56   9
 59   9
 62   9
 65   9
 68   9
 71   9
 74   9
 77   9
 80   9
 83   9
 86   9
 89   9
 92   9
 95   9
 98   9
101   9
104   9
107   9
110   9
113   9
116   9
119   9
122   9
125   9
128   9
131   9
134   9
137   9
140   9
143   9
146   9
149   9
152   9
155   9
158   9
161   9
164   9
167   9
170   9
 20  12
 23  12
 26  12
 29  12
 32  12
 35  12
 38  12
 41  12
 44  12
 47  12
 50  12
 53  12
 56  12
 59  12
 62  12
 65  12
 68  12
 71  12
 74  12
 77  12
 80  12
 83  12
 86  12
 89  12
 92  12
 95  12
 98  12
101  12
104  12
107  12
110  12
113  12
116  12
119  12
122  12
125  12
128  12
131  12
134  12
137  12
140  12
143  12
146  12
149  12
152  12
155  12
158  12
161  12
164  12
167  12
170  12
 20  15
 23  15
 26  15
 29  15
 32  15
 35  15
 38  15
 41  15
 44  15
 47  15
 50  15
 53  15
 56  15
 59  15
 62  15
 65  15
 68  15
 71  15
 74  15
 77  15
 80  15
 83  15
 86  15
 89  15
 92  15
 95  15
 98  15
101  15
104  15
107  15
110  15
113  15
116  15
119  15
122  15
125  15
128  15
131  15
134  15
137  15
140  15
143  15
146  15
149  15
152  15
155  15
158  15
161  15
164  15
167  15
170  15
 20  18
 23  18
 26  18
 29  18
 32  18
 35  18
 38  18
 41  18
 44  18
 47  18
 50  18
 53  18
 56  18
 59  18
 62  18
 65  18
 68  18
 71  18
 74  18
 77  18
 80  18
 83  18
 86  18
 89  18
 92  18
 95  18
 98  18
101  18
104  18
107  18
110  18
113  18
116  18
119  18
122  18
125  18
128  18
131  18
134  18
137  18
140  18
143  18
146  18
149  18
152  18
155  18
158  18
161  18
164  18
167  18
170  18
 20  21
 23  21
 26  21
 29  21
 32  21
 35  21
 38  21
 41  21
 44  21
 47  21
 50  21
 53  21
 56  21
 59  21
 62  21
 65  21
 68  21
 71  21
 74  21
 77  21
 80  21
 83  21
 86  21
 89  21
 92  21
 95  21
 98  21
101  21
104  21
107  21
110  21
113  21
116  21
119  21
122  21
125  21
128  21
131  21
134  21
137  21
140  21
143  21
146  21
149  21
152  21
155  21
158  21
161  21
164  21
167  21
170  21
 20  24
 23  24
 26  24
 29  24
 32  24
 35  24
 38  24
 41  24
 44  24
 47  24
 50  24
 53  24
 56  24
 59  24
 62  24
 65  24
 68  24
 71  24
 74  24
 77  24
 80  24
 83  24
 86  24
 89  24
 92  24
 95  24
 98  24
101  24
104  24
107  24
110  24
113  24
116  24
119  24
122  24
125  24
128  24
131  24
134  24
137  24
140  24
143  24
146  24
149  24
152  24
155  24
158  24
161  24
164  24
167  24
170  24
 20  27
 23  27
 26  27
 29  27
 32  27
 35  27
 38  27
 41  27
 44  27
 47  27
 50  27
 53  27
 56  27
 59  27
 62  27
 65  27
 68  27
 71  27
 74  27
 77  27
 80  27
 83  27
 86  27
 89  27
 92  27
 95  27
 98  27
101  27
104  27
107  27
110  27
113  27
116  27
119  27
122  27
125  27
128  27
131  27
134  27
137  27
140  27
143  27
146  27
149  27
152  27
155  27
158  27
161  27
164  27
167  27
170  27
 20  30
 23  30
 26  30
 29  30
 32  30
 35  30
 38  30
 41  30
 44  30
 47  30
 50  30
 53  30
 56  30
 59  30
 62  30
 65  30
 68  30
 71  30
 74  30
 77  30
 80  30
 83  30
 86  30
 89  30
 92  30
 95  30
 98  30
101  30
104  30
107  30
110  30
113  30
116  30
119  30
122  30
125  30
128  30
131  30
134  30
137  30
140  30
143  30
146  30
149  30
152  30
155  30
158  30
161  30
164  30
167  30
170  30
 20  33
 23  33
 26  33
 29  33
 32  33
 35  33
 38  33
 41  33
 44  33
 47  33
 50  33
 53  33
 56  33
 59  33
 62  33
 65  33
 68  33
 71  33
 74  33
 77  33
 80  33
 83  33
 86  33
 89  33
 92  33
 95  33
 98  33
101  33
104  33
107  33
110  33
113  33
116  33
119  33
122  33
125  33
128  33
131  33
134  33
137  33
140  33
143  33
146  33
149  33
152  33
155  33
158  33
161  33
164  33
167  33
170  33
 20  36
 23  36
 26  36
 29  36
 32  36
 35  36
 38  36
 41  36
 44  36
 47  36
 50  36
 53  36
 56  36
 59  36
 62  36
 65  36
 68  36
 71  36
 74  36
 77  36
 80  36
 83  36
 86  36
 89  36
 92  36
 95  36
 98  36
101  36
104  36
107  36
110  36
113  36
116  36
119  36
122  36
125  36
128  36
131  36
134  36
137  36
140  36
143  36
146  36
149  36
152  36
155  36
158  36
161  36
164  36
167  36
170  36
 20  39
 23  39
 26  39
 29  39
 32  39
 35  39
 38  39
 41  39
 44  39
 47  39
 50  39
 53  39
 56  39
 59  39
 62  39
 65  39
 68  39
 71  39
 74  39
 77  39
 80  39
 83  39
 86  39
 89  39
 92  39
 95  39
 98  39
101  39
104  39
107  39
110  39
113  39
116  39
119  39
122  39
125  39
128  39
131  39
134  39
137  39
140  39
143  39
146  39
149  39
152  39
155  39
158  39
161  39
164  39
167  39
170  39
 20  42
 23  42
 26  42
 29  42
 32  42
 35  42
 38  42
 41  42
 44  42
 47  42
 50  42
 53  42
 56  42
 59  42
 62  42
 65  42
 68  42
 71  42
 74  42
 77  42
 80  42
 83  42
 86  42
 89  42
 92  42
 95  42
 98  42
101  42
104  42
107  42
110  42
113  42
116  42
119  42
122  42
125  42
128  42
131  42
134  42
137  42
140  42
143  42
146  42
149  42
152  42
155  42
158  42
161  42
164  42
167  42
170  42
 20  45
 23  45
 26  45
 29  45
 32  45
 35  45
 38  45
 41  45
 44  45
 47  45
 50  45
 53  45
 56  45
 59  45
 62  45
 65  45
 68  45
 71  45
 74  45
 77  45
 80  45
 83  45
 86  45
 89  45
 92  45
 95  45
 98  45
101  45
104  45
107  45
110  45
113  45
116  45
119  45
122  45
125  45
128  45
131  45
134  45
137  45
140  45
143  45
146  45
149  45
152  45
155  45
158  45
161  45
164  45
167  45
170  45
 20  48
 23  48
 26  48
 29  48
 32  48
 35  48
 38  48
 41  48
 44  48
 47  48
 50  48
 53  48
 56  48
 59  48
 62  48
 65  48
 68  48
 71  48
 74  48
 77  48
 80  48
 83  48
 86  48
 89  48
 92  48
 95  48
 98  48
101  48
104  48
107  48
110  48
113  48
116  48
119  48
122  48
125  48
128  48
131  48
134  48
137  48
140  48
143  48
146  48
149  48
152  48
155  48
158  48
161  48
164  48
167  48
170  48
 20  51
 23  51
 26  51
 29  51
 32  51
 35  51
 38  51
 41  51
 44  51
 47  51
 50  51
 53  51
 56  51
 59  51
 62  51
 65  51
 68  51
 71  51
 74  51
 77  51
 80  51
 83  51
 86  51
 89  51
 92  51
 95  51
 98  51
101  51
104  51
107  51
110  51
113  51
116  51
119  51
122  51
125  51
128  51
131  51
134  51
137  51
140  51
143  51
146  51
149  51
152  51
155  51
158  51
161  51
164  51
167  51
170  51
 20  54
 23  54
 26  54
 29  54
 32  54
 35  54
 38  54
 41  54
 44  54
 47  54
 50  54
 53  54
 56  54
 59  54
 62  54
 65  54
 68  54
 71  54
 74  54
 77  54
 80  54
 83  54
 86  54
 89  54
 92  54
 95  54
 98  54
101  54
104  54
107  54
110  54
113  54
116  54
119  54
122  54
125  54
128  54
131  54
134  54
137  54
140  54
143  54
146  54
149  54
152  54
155  54
158  54
161  54
164  54
167  54
170  54
 20  57
 23  57
 26  57
 29  57
 32  57
 35  57
 38  57
 41  57
 44  57
 47  57
 50  57
 53  57
 56  57
 59  57
 62  57
 65  57
 68  57
 71  57
 74  57
 77  57
 80  57
 83  57
 86  57
 89  57
 92  57
 95  57
 98  57
101  57
104  57
107  57
110  57
113  57
116  57
119  57
122  57
125  57
128  57
131  57
134  57
137  57
140  57
143  57
146  57
149  57
152  57
155  57
158  57
161  57
164  57
167  57
170  57
 20  60
 23  60
 26  60
 29  60
 32  60
 35  60
 38  60
 41  60
 44  60
 47  60
 50  60
 53  60
 56  60
 59  60
 62  60
 65  60
 68  60
 71  60
 74  60
 77  60
 80  60
 83  60
 86  60
 89  60
 92  60
 95  60
 98  60
101  60
104  60
107  60
110  60
113  60
116  60
119  60
122  60
125  60
128  60
131  60
134  60
137  60
140  60
143  60
146  60
149  60
152  60
155  60
158  60
161  60
164  60
167  60
170  60
 20  63
 23  63
 26  63
 29  63
 32  63
 35  63
 38  63
 41  63
 44  63
 47  63
 50  63
 53  63
 56  63
 59  63
 62  63
 65  63
 68  63
 71  63
 74  63
 77  63
 80  63
 83  63
 86  63
 89  63
 92  63
 95  63
 98  63
101  63
104  63
107  63
110  63
113  63
116  63
119  63
122  63
125  63
128  63
131  63
134  63
137  63
140  63
143  63
146  63
149  63
152  63
155  63
158  63
161  63
164  63
167  63
170  63
 20  66
 23  66
 26  66
 29  66
 32  66
 35  66
 38  66
 41  66
 44  66
 47  66
 50  66
 53  66
 56  66
 59  66
 62  66
 65  66
 68  66
 71  66
 74  66
 77  66
 80  66
 83  66
 86  66
 89  66
 92  66
 95  66
 98  66
101  66
104  66
107  66
110  66
113  66
116  66
119  66
122  66
125  66
128  66
131  66
134  66
137  66
140  66
143  66
146  66
149  66
152  66
155  66
158  66
161  66
164  66
167  66
170  66
 20  69
 23  69
 26  69
 29  69
 32  69
 35  69
 38  69
 41  69
 44  69
 47  69
 50  69
 53  69
 56  69
 59  69
 62  69
 65  69
 68  69
 71  69
 74  69
 77  69
 80  69
 83  69
 86  69
 89  69
 92  69
 95  69
 98  69
101  69
104  69
107  69
110  69
113  69
116  69
119  69
122  69
125  69
128  69
131  69
134  69
137  69
140  69
143  69
146  69
149  69
152  69
155  69
158  69
161  69
164  69
167  69
170  69
 20  72
 23  72
 26  72
 29  72
 32  72
 35  72
 38  72
 41  72
 44  72
 47  72
 50  72
 53  72
 56  72
 59  72
 62  72
 65  72
 68  72
 71  72
 74  72
 77  72
 80  72
 83  72
 86  72
 89  72
 92  72
 95  72
 98  72
101  72
104  72
107  72
110  72
113  72
116  72
119  72
122  72
125  72
128  72
131  72
134  72
137  72
140  72
143  72
146  72
149  72
152  72
155  72
158  72
161  72
164  72
167  72
170  72
 20  75
 23  75
 26  75
 29  75
 32  75
 35  75
 38  75
 41  75
 44  75
 47  75
 50  75
 53  75
 56  75
 59  75
 62  75
 65  75
 68  75
 71  75
 74  75
 77  75
 80  75
 83  75
 86  75
 89  75
 92  75
 95  75
 98  75
101  75
104  75
107  75
110  75
113  75
116  75
119  75
122  75
125  75
128  75
131  75
134  75
137  75
140  75
143  75
146  75
149  75
152  75
155  75
158  75
161  75
164  75
167  75
170  75
